{
  "experiment": "qwen2.5_14b_latent_curvature_v2",
  "model": "Qwen2.5-Coder-14B-Q4_K_M",
  "decoder": "MLP(16->64->128->64->128)",
  "timestamp": "2026-06-17T18:25:35.923978",
  "embedding_dim": 5120,
  "latent_dim": 16,
  "n_prompts": 16,
  "labels": [
    "Riemannian",
    "DiffEq",
    "Quantum",
    "Thermodynamics",
    "SAT-Korean",
    "BinaryOpp",
    "Narrator",
    "Metaphor",
    "Python",
    "NeuralNet",
    "GradDescent",
    "Transformer",
    "Weather",
    "Coffee",
    "Reading",
    "Music"
  ],
  "categories": [
    "Math/Science",
    "Math/Science",
    "Math/Science",
    "Math/Science",
    "Humanities",
    "Humanities",
    "Humanities",
    "Humanities",
    "Coding/AI",
    "Coding/AI",
    "Coding/AI",
    "Coding/AI",
    "Everyday",
    "Everyday",
    "Everyday",
    "Everyday"
  ],
  "volume_elements": [
    1.0283239274672756e-32,
    3.055776910831217e-32,
    2.3649994188120259e-32,
    2.3733322043914174e-32,
    3.20047262470416e-32,
    1.1276536409221405e-32,
    1.0962832231817461e-32,
    2.0182290555171914e-31,
    1.0052004107502658e-32,
    7.430883424492863e-32,
    1.0680728281299497e-32,
    5.258522256652067e-32,
    1.5015199130747567e-32,
    1.0164443815578656e-32,
    1.058686211865046e-32,
    1.3210389185533183e-32
  ],
  "condition_numbers": [
    1.0573570728302002,
    2.873743772506714,
    2.3589425086975098,
    2.120201587677002,
    4.180007457733154,
    1.2634625434875488,
    1.1496068239212036,
    19.300535202026367,
    1.0098174810409546,
    4.327000141143799,
    1.1191602945327759,
    26.891197204589844,
    1.9013028144836426,
    1.0331459045410156,
    1.0954252481460571,
    1.695590615272522
  ],
  "min_eigenvalues": [
    9.999996109399945e-05,
    9.999996836995706e-05,
    9.999998292187229e-05,
    9.999996109399945e-05,
    9.999996109399945e-05,
    9.999992471421137e-05,
    9.999994654208422e-05,
    9.999994654208422e-05,
    9.999996836995706e-05,
    9.999997564591467e-05,
    9.999991743825376e-05,
    9.999983740272e-05,
    9.999996836995706e-05,
    9.999998292187229e-05,
    9.999991016229615e-05,
    9.999994654208422e-05
  ],
  "max_eigenvalues": [
    0.00010573577310424298,
    0.0002873745688702911,
    0.0002358944620937109,
    0.00021202028437983245,
    0.0004180010291747749,
    0.000126346290926449,
    0.0001149607342085801,
    0.0019300543935969472,
    0.00010098181519424543,
    0.00043270032620057464,
    0.00011191605153726414,
    0.002689118031412363,
    0.00019013042037840933,
    0.0001033146763802506,
    0.00010954253957606852,
    0.0001695591490715742
  ],
  "distance_matrix": [
    [
      0.0,
      0.6361135840415955,
      0.6929866671562195,
      0.811242938041687,
      0.9880697131156921,
      0.9721544981002808,
      1.1116652488708496,
      1.0909488201141357,
      1.1433128118515015,
      1.008826732635498,
      0.8568951487541199,
      1.24873685836792,
      1.109327793121338,
      1.2093591690063477,
      1.1636927127838135,
      1.1910635232925415
    ],
    [
      0.6361135840415955,
      0.0,
      0.5723128318786621,
      0.7138481140136719,
      0.8235388994216919,
      0.9833397269248962,
      1.070608139038086,
      0.8973584175109863,
      1.03229558467865,
      0.7591338753700256,
      0.7774434089660645,
      1.0977760553359985,
      1.0304867029190063,
      1.10157310962677,
      1.0713558197021484,
      1.0885905027389526
    ],
    [
      0.6929866671562195,
      0.5723128318786621,
      0.0,
      0.62785404920578,
      0.8496086597442627,
      1.0513476133346558,
      1.1482044458389282,
      1.096382975578308,
      0.9211876392364502,
      0.7106507420539856,
      0.7577194571495056,
      1.0924071073532104,
      1.017174482345581,
      1.1509623527526855,
      1.1602166891098022,
      1.0444504022598267
    ],
    [
      0.811242938041687,
      0.7138481140136719,
      0.62785404920578,
      0.0,
      0.916944682598114,
      1.0613670349121094,
      1.142365574836731,
      1.1158616542816162,
      0.9619446992874146,
      0.7583900690078735,
      0.7767532467842102,
      1.1488114595413208,
      0.9719896912574768,
      1.171837329864502,
      1.1763509511947632,
      1.1154134273529053
    ],
    [
      0.9880697131156921,
      0.8235388994216919,
      0.8496086597442627,
      0.916944682598114,
      0.0,
      0.9509271383285522,
      0.9214028120040894,
      0.8249151706695557,
      1.0623949766159058,
      0.9207721948623657,
      1.0421624183654785,
      1.0803834199905396,
      1.145188570022583,
      1.0614734888076782,
      0.8637921810150146,
      0.8079691529273987
    ],
    [
      0.9721544981002808,
      0.9833397269248962,
      1.0513476133346558,
      1.0613670349121094,
      0.9509271383285522,
      0.0,
      0.8495456576347351,
      0.9405190944671631,
      1.2019577026367188,
      1.0867013931274414,
      1.1666723489761353,
      1.227935552597046,
      1.1036728620529175,
      1.1828283071517944,
      0.8895506858825684,
      0.9334511160850525
    ],
    [
      1.1116652488708496,
      1.070608139038086,
      1.1482044458389282,
      1.142365574836731,
      0.9214028120040894,
      0.8495456576347351,
      0.0,
      0.9815977811813354,
      1.3902478218078613,
      1.3346648216247559,
      1.3661530017852783,
      1.490011215209961,
      0.9282100200653076,
      0.8390570282936096,
      0.7211980819702148,
      0.8296634554862976
    ],
    [
      1.0909488201141357,
      0.8973584175109863,
      1.096382975578308,
      1.1158616542816162,
      0.8249151706695557,
      0.9405190944671631,
      0.9815977811813354,
      0.0,
      1.177895188331604,
      0.909824788570404,
      1.236220121383667,
      1.388983130455017,
      1.2105964422225952,
      1.4158105850219727,
      1.1307182312011719,
      0.8010874390602112
    ],
    [
      1.1433128118515015,
      1.03229558467865,
      0.9211876392364502,
      0.9619446992874146,
      1.0623949766159058,
      1.2019577026367188,
      1.3902478218078613,
      1.177895188331604,
      0.0,
      0.8659488558769226,
      0.9425848126411438,
      1.4005924463272095,
      1.1045750379562378,
      1.356300950050354,
      1.2857240438461304,
      1.1658456325531006
    ],
    [
      1.008826732635498,
      0.7591338753700256,
      0.7106507420539856,
      0.7583900690078735,
      0.9207721948623657,
      1.0867013931274414,
      1.3346648216247559,
      0.909824788570404,
      0.8659488558769226,
      0.0,
      0.8388129472732544,
      1.091261625289917,
      1.0301282405853271,
      1.236750841140747,
      1.1917377710342407,
      1.0677399635314941
    ],
    [
      0.8568951487541199,
      0.7774434089660645,
      0.7577194571495056,
      0.7767532467842102,
      1.0421624183654785,
      1.1666723489761353,
      1.3661530017852783,
      1.236220121383667,
      0.9425848126411438,
      0.8388129472732544,
      0.0,
      1.0763262510299683,
      1.149606466293335,
      1.3725883960723877,
      1.3114923238754272,
      1.2825661897659302
    ],
    [
      1.24873685836792,
      1.0977760553359985,
      1.0924071073532104,
      1.1488114595413208,
      1.0803834199905396,
      1.227935552597046,
      1.490011215209961,
      1.388983130455017,
      1.4005924463272095,
      1.091261625289917,
      1.0763262510299683,
      0.0,
      1.3512059450149536,
      1.336053490638733,
      1.4024486541748047,
      1.0210777521133423
    ],
    [
      1.109327793121338,
      1.0304867029190063,
      1.017174482345581,
      0.9719896912574768,
      1.145188570022583,
      1.1036728620529175,
      0.9282100200653076,
      1.2105964422225952,
      1.1045750379562378,
      1.0301282405853271,
      1.149606466293335,
      1.3512059450149536,
      0.0,
      0.8694656491279602,
      0.9014818668365479,
      0.9599762558937073
    ],
    [
      1.2093591690063477,
      1.10157310962677,
      1.1509623527526855,
      1.171837329864502,
      1.0614734888076782,
      1.1828283071517944,
      0.8390570282936096,
      1.4158105850219727,
      1.356300950050354,
      1.236750841140747,
      1.3725883960723877,
      1.336053490638733,
      0.8694656491279602,
      0.0,
      0.8696616888046265,
      0.9214516282081604
    ],
    [
      1.1636927127838135,
      1.0713558197021484,
      1.1602166891098022,
      1.1763509511947632,
      0.8637921810150146,
      0.8895506858825684,
      0.7211980819702148,
      1.1307182312011719,
      1.2857240438461304,
      1.1917377710342407,
      1.3114923238754272,
      1.4024486541748047,
      0.9014818668365479,
      0.8696616888046265,
      0.0,
      0.8257322311401367
    ],
    [
      1.1910635232925415,
      1.0885905027389526,
      1.0444504022598267,
      1.1154134273529053,
      0.8079691529273987,
      0.9334511160850525,
      0.8296634554862976,
      0.8010874390602112,
      1.1658456325531006,
      1.0677399635314941,
      1.2825661897659302,
      1.0210777521133423,
      0.9599762558937073,
      0.9214516282081604,
      0.8257322311401367,
      0.0
    ]
  ],
  "summary": {
    "volume_element_mean": 3.380593917954247e-32,
    "volume_element_std": 0.0,
    "condition_number_mean": 4.586030960083008,
    "condition_number_max": 26.891197204589844,
    "most_curved_label": "Transformer",
    "least_curved_label": "Python"
  }
}